chr	start	end	length	nCG	meanMethy1	meanMethy2	diff.Methy	areaStat
NC_007115.7	77558974	77561320	2347	542	0.255041371109162	0.368131264889859	-0.113089893780697	-3129.13747594361
NC_007115.7	77557625	77558189	565	129	0.263267212872774	0.361736121619048	-0.0984689087462732	-683.918430086427
NC_007130.7	222603	223014	412	83	0.0975389824660634	0.359524673419742	-0.261985690953679	-586.601004147595
NC_007135.7	1009615	1009965	351	76	0.0962065488907768	0.279712192501677	-0.1835056436109	-537.505820862667
NC_007124.7	8692	9233	542	82	0.0960934420697091	0.381037184717679	-0.28494374264797	-527.918450939349
NC_007127.7	53918477	53919027	551	88	0.0886225119651571	0.238024174364896	-0.149401662399739	-523.306709288333
NC_007115.7	77555939	77556439	501	89	0.270782537465833	0.401762143218308	-0.130979605752475	-488.622584211627
NC_007115.7	10367038	10367463	426	70	0.108807206444377	0.357914752992417	-0.24910754654804	-469.55814113496
NC_007123.7	289863	290312	450	82	0.102919507557835	0.274900220891643	-0.171980713333808	-457.453348436489
NC_007134.7	45580510	45580974	465	89	0.0902694422620175	0.202886374556287	-0.112616932294269	-450.70614448677
NC_007134.7	45579938	45580256	319	62	0.102300964504551	0.353606695277889	-0.251305730773338	-411.983105377289
NC_007124.7	110898	111368	471	76	0.108839886020452	0.254556580303551	-0.145716694283099	-408.892772560964
NC_007123.7	9703108	9703612	505	77	0.102796856303395	0.262429967593016	-0.159633111289621	-377.796128190807
NC_007134.7	43770573	43770806	234	58	0.0877523655738073	0.256043701721951	-0.168291336148144	-372.556366635957
NC_007117.7	59854335	59854671	337	57	0.0904863545978998	0.321652402961149	-0.23116604836325	-368.064667401241
NC_007130.7	1459854	1460141	288	30	0.198967604060916	0.779046589796182	-0.580078985735266	-367.121635373646
NC_007120.7	2005056	2005306	251	52	0.0763442669708206	0.278443346841154	-0.202099079870334	-361.225511883696
NC_007133.7	155037	155413	377	59	0.0858219527426166	0.251482579035616	-0.165660626293	-353.089322412012
NC_007112.7	55838487	55838737	251	51	0.110026969630051	0.39003563249949	-0.280008662869438	-346.415302267656
NC_007130.7	240301	240580	280	58	0.0857668774197033	0.27404988679473	-0.188283009375027	-344.894330341809
NC_007131.7	13894255	13894664	410	60	0.091508992877071	0.238760008401556	-0.147251015524485	-336.228587106162
NC_007112.7	54971978	54972197	220	50	0.0967894552129553	0.340474110986633	-0.243684655773678	-327.200913949021
NC_007121.7	7564399	7564688	290	57	0.0959043097250874	0.222460029406986	-0.126555719681898	-317.296955318401
NC_007130.7	866310	866682	373	56	0.085625125130384	0.266723436733719	-0.181098311603335	-316.755133301409
NC_007133.7	32236104	32236404	301	69	0.118890172103932	0.242050274456532	-0.1231601023526	-313.921315769015
NC_007118.7	24888738	24889085	348	53	0.0981772630361508	0.327573321530322	-0.229396058494171	-312.640865238131
NC_007119.7	2642543	2642833	291	51	0.0786022394613115	0.267570430046172	-0.188968190584861	-302.081462131697
NC_007125.7	52409200	52409634	435	61	0.0949698480717973	0.236445235336064	-0.141475387264267	-296.386669703908
NC_007115.7	77555418	77555821	404	42	0.296476730110901	0.490934307961766	-0.194457577850866	-291.320962835588
NC_007130.7	28788113	28788402	290	59	0.0958152817738313	0.228330781504557	-0.132515499730726	-286.805013267555
NC_007132.7	94145	94307	163	39	0.0945929235606075	0.552987299924996	-0.458394376364388	-274.660173895143
NC_007136.7	37466642	37466867	226	50	0.109178167191099	0.269976002376622	-0.160797835185523	-272.466901586592
NC_007119.7	3648984	3649214	231	42	0.080328459778647	0.293218153100675	-0.212889693322028	-269.093283955518
NC_007112.7	12764316	12764691	376	49	0.0804848423271806	0.260440504964576	-0.179955662637395	-268.346185309435
NC_007120.7	32752438	32752761	324	46	0.0911036554173858	0.258125804020155	-0.167022148602769	-263.372255771493
NC_007122.7	5499599	5499978	380	52	0.0963190227094683	0.299612111685581	-0.203293088976113	-262.88958019392
NC_007132.7	11415341	11415755	415	46	0.09187169475029	0.365350236087046	-0.273478541336756	-261.744932947195
NC_007114.7	62139868	62140061	194	35	0.0865315211917625	0.360119353303	-0.273587832111238	-259.813616418081
NC_007115.7	18594862	18595179	318	56	0.117991321988968	0.253507716029916	-0.135516394040949	-258.24305627711
NC_007135.7	37081095	37081341	247	57	0.132075366550604	0.290459781953546	-0.158384415402942	-257.287514701422
NC_007117.7	59853867	59854185	319	56	0.130827685732749	0.275304789276971	-0.144477103544222	-253.341697223146
NC_007123.7	26022620	26022831	212	41	0.0961018495830503	0.398841148986044	-0.302739299402994	-246.460587884981
NC_007124.7	36910263	36910578	316	50	0.0839668890370635	0.219564629656052	-0.135597740618989	-245.190464247491
NC_007124.7	29423392	29423779	388	49	0.117896225700418	0.319548591653362	-0.201652365952944	-236.644100246416
NC_007130.7	348954	349329	376	44	0.114854363692704	0.420171721109749	-0.305317357417045	-233.594617210815
NC_007133.7	7128513	7128773	261	47	0.121297813395684	0.330668575771017	-0.209370762375333	-225.829174234685
NC_007125.7	7974865	7975096	232	46	0.105300611829327	0.266483203196827	-0.1611825913675	-222.997735904198
NC_007134.7	18414561	18414829	269	35	0.083735776531611	0.364921913843281	-0.28118613731167	-222.011140352545
NC_007113.7	73818	74117	300	57	0.0916928125566386	0.195257655313638	-0.103564842756999	-220.105146004594
NC_007131.7	53804215	53804385	171	45	0.0863005555391317	0.184013983791344	-0.0977134282522122	-219.417933967156
NC_007125.7	790945	791248	304	46	0.102809980573126	0.227023781830186	-0.12421380125706	-217.48749181143
NC_007135.7	39771438	39771733	296	42	0.0967534628493063	0.306372911781422	-0.209619448932116	-216.240253209024
NC_007123.7	48959955	48960224	270	42	0.221899605817396	0.43436144858837	-0.212461842770974	-215.716400004379
NC_007133.7	367385	367610	226	43	0.108447038099495	0.330034382055754	-0.221587343956259	-214.988555165636
NC_007112.7	55872737	55873038	302	43	0.118051063095655	0.340259721291793	-0.222208658196138	-214.867863030657
NC_007116.7	13684196	13684446	251	49	0.0877887195919773	0.182015591980057	-0.0942268723880795	-213.327221793246
NC_007124.7	9559568	9559911	344	42	0.112561262207173	0.32396107215502	-0.211399809947847	-205.308907727047
NC_007114.7	18006418	18006781	364	24	0.493992066394271	0.928102347008192	-0.434110280613921	-204.35995721228
NC_007127.7	26601262	26601526	265	48	0.113602355676481	0.264799910815678	-0.151197555139197	-203.316789484479
NC_007125.7	7892056	7892284	229	37	0.119535407251227	0.449614398390298	-0.330078991139071	-202.702428341936
NC_007131.7	47422007	47422332	326	36	0.0784827306441964	0.360204581608115	-0.281721850963918	-202.573133820281
NC_007118.7	40884132	40884437	306	37	0.104249756567407	0.35431193288634	-0.250062176318933	-202.392341946261
NC_007116.7	7129702	7129991	290	44	0.100724074968226	0.251618478081169	-0.150894403112942	-201.474275758283
NC_007113.7	389360	389605	246	37	0.0941055793005168	0.326174407023093	-0.232068827722576	-201.38476846685
NC_007126.7	11693532	11693800	269	48	0.127469525439866	0.274668976847306	-0.14719945140744	-200.435240703895
NC_007113.7	101153	101449	297	29	0.205991257329221	0.551554499150155	-0.345563241820934	-200.289017134559
NC_007135.7	34948730	34948971	242	37	0.0872926360039919	0.238841426151587	-0.151548790147595	-199.685088016531
NC_007133.7	23275072	23275226	155	47	0.119034226309614	0.305011292317521	-0.185977066007907	-199.462608152083
NC_007131.7	46533927	46534147	221	37	0.105709957759324	0.369742236460838	-0.264032278701514	-197.813267431864
NC_007118.7	73330925	73331105	181	39	0.0838915379943993	0.275022220993907	-0.191130682999507	-197.033968219179
NC_007120.7	263379	263565	187	45	0.117407410507939	0.252120458021728	-0.134713047513788	-194.912883952041
NC_007125.7	49917625	49917823	199	33	0.0999341977645943	0.457196777212645	-0.35726257944805	-194.185977987088
NC_007118.7	7552016	7552274	259	43	0.103586739306463	0.29010242328251	-0.186515683976047	-193.965905297526
NC_007133.7	413554	413873	320	38	0.11322074965607	0.284185983125768	-0.170965233469698	-193.035626731109
NC_007120.7	55981790	55981944	155	32	0.078921200319084	0.353287683526443	-0.274366483207358	-192.830058373069
NC_007113.7	52927978	52928191	214	38	0.0748097767369734	0.259654454365579	-0.184844677628606	-192.773731512292
NC_007121.7	76336	76550	215	40	0.104116635263324	0.241940101070147	-0.137823465806824	-192.216615151648
NC_007133.7	3298979	3299211	233	35	0.11551650060365	0.395354718572784	-0.279838217969134	-189.719495052158
NC_007136.7	13964131	13964328	198	40	0.130362886071687	0.358013970810687	-0.227651084739	-189.520182051707
NC_007114.7	44752905	44753164	260	45	0.101175927380343	0.241062435579687	-0.139886508199344	-189.26025193735
NC_007133.7	10166353	10166601	249	38	0.130705538229184	0.42328697915719	-0.292581440928006	-187.728669714107
NC_007125.7	7306394	7306587	194	38	0.113831253363586	0.266638817142983	-0.152807563779397	-187.114110925549
NC_007128.7	34631517	34631622	106	15	0.443055399948792	0.955615264324589	-0.512559864375797	-187.066226021698
NC_007129.7	38755267	38755491	225	37	0.0938633980308305	0.269284585378748	-0.175421187347918	-186.825059702853
NC_007119.7	2576296	2576490	195	35	0.0941103564756724	0.315729523953953	-0.22161916747828	-185.841905018335
NC_007117.7	12922819	12923080	262	37	0.100553826039986	0.259700912595847	-0.159147086555861	-185.557878472861
NC_007122.7	25681710	25681911	202	45	0.115710945766876	0.242744130099526	-0.12703318433265	-185.308786794002
NC_007132.7	499667	499838	172	41	0.0959076906018784	0.245109573488621	-0.149201882886743	-184.858061534363
NC_007130.7	48390850	48391408	559	42	0.110097137103573	0.318538503891189	-0.208441366787615	-184.220708037505
NC_007113.7	30534	30954	421	30	0.325495251482279	0.707128921608825	-0.381633670126546	-184.026456327991
NC_007119.7	50190700	50190885	186	39	0.0763425823194355	0.229193477815063	-0.152850895495627	-182.342165149142
NC_007132.7	45385713	45385977	265	43	0.100048212651889	0.238180475069291	-0.138132262417402	-180.037362524224
NC_007127.7	50006871	50007238	368	35	0.103455193683589	0.423695725420851	-0.320240531737261	-177.959297107053
NC_007136.7	142502	142664	163	38	0.12274565570924	0.378630661002933	-0.255885005293694	-177.880755995874
NC_007113.7	44181941	44182110	170	32	0.0883784401992975	0.341588403101642	-0.253209962902345	-176.622745741455
NC_007128.7	25544372	25544494	123	30	0.322574957953019	0.627766630506254	-0.305191672553235	-176.510526139593
NC_007117.7	34220216	34220449	234	44	0.0844659455002236	0.171956568523482	-0.0874906230232585	-176.40955597175
NC_007118.7	49716136	49716340	205	41	0.098608516959937	0.214215907457297	-0.11560739049736	-173.589949962264
NC_007118.7	26389306	26389592	287	39	0.107106992400203	0.244850165922957	-0.137743173522755	-171.610905426775
NC_007114.7	17360420	17360581	162	32	0.101210766730719	0.233242565922089	-0.13203179919137	-169.736916762637
NC_007123.7	7234639	7234747	109	32	0.105728510409087	0.284407765827524	-0.178679255418438	-169.298944917272
NC_007123.7	48841766	48841871	106	34	0.0978598370872584	0.362136795054997	-0.264276957967738	-168.20553064539
NC_007126.7	42230650	42230957	308	32	0.0945157152145142	0.301025493134596	-0.206509777920082	-167.511259143161
NC_007130.7	935505	935700	196	38	0.101754019300155	0.28443381706928	-0.182679797769125	-166.931944990938
NC_007112.7	46195035	46195116	82	24	0.0717255197760608	0.418702377966514	-0.346976858190454	-166.768566177514
NC_007116.7	22951944	22952099	156	36	0.0857280025487874	0.209312283942868	-0.123584281394081	-164.861909590671
NC_007118.7	49715552	49715870	319	35	0.110117408656853	0.343552075954589	-0.233434667297737	-164.264382613996
NC_007129.7	5571771	5571877	107	14	0.0845742978919346	0.68038890708103	-0.595814609189095	-162.049663437469
NC_007131.7	13894724	13894821	98	30	0.0814693449612535	0.250993098223147	-0.169523753261893	-160.09754746184
NC_007112.7	40519051	40519235	185	31	0.109998967718662	0.424586152803882	-0.31458718508522	-159.382053233087
NC_007120.7	14152432	14152731	300	28	0.0822549834799756	0.437051685929918	-0.354796702449943	-158.873381772294
NC_007118.7	20110197	20110441	245	35	0.107308698840315	0.312560825995785	-0.20525212715547	-158.472827907049
NC_007135.7	28710867	28711036	170	29	0.100617445012056	0.480372666926459	-0.379755221914404	-156.538958704968
NC_007120.7	38074063	38074231	169	38	0.0757813331373936	0.190017761022348	-0.114236427884954	-155.195506665228
NC_007116.7	27867064	27867207	144	27	0.105557365692562	0.518540802937528	-0.412983437244966	-155.125723520295
NC_007117.7	296542	296721	180	37	0.0846889175554709	0.163888795263293	-0.0791998777078221	-154.088023502926
NC_007119.7	435086	435291	206	30	0.0967641449548645	0.273298418381085	-0.17653427342622	-153.401265262329
NC_007126.7	47497970	47498155	186	32	0.106822752483829	0.275688080755715	-0.168865328271886	-152.264158665828
NC_007115.7	1440152	1440251	100	33	0.108550334668555	0.214533466441323	-0.105983131772768	-151.253719384576
NC_007114.7	37476526	37476646	121	27	0.0949557834353348	0.449760075146667	-0.354804291711332	-149.814222746754
NC_007126.7	26933327	26933617	291	34	0.108044731968107	0.297317616278132	-0.189272884310025	-149.770110128355
NC_007134.7	1133758	1133875	118	32	0.113294354842153	0.310617585755543	-0.19732323091339	-147.831089872158
NC_007120.7	21723741	21724002	262	32	0.0933485175911604	0.247023413419572	-0.153674895828412	-146.630440476074
NC_007121.7	45345584	45345685	102	29	0.0925469478806911	0.254403013494434	-0.161856065613743	-145.992955572019
NC_007135.7	41656869	41657016	148	31	0.118419223264973	0.324193609300243	-0.20577438603527	-145.381100943871
NC_007123.7	54225	54410	186	30	0.0865270474572808	0.181524137644239	-0.0949970901869586	-143.989970234751
NC_007118.7	29042461	29042579	119	27	0.0999075426324714	0.225309478052292	-0.125401935419821	-143.937834641879
NC_007131.7	54572933	54573257	325	27	0.0795958567603221	0.356866957618329	-0.277271100858007	-143.643790110867
NC_007117.7	27514733	27515001	269	29	0.1069189419944	0.400938883513796	-0.294019941519396	-143.448540214235
NC_007129.7	6476751	6477040	290	28	0.0949734796030375	0.402585246365115	-0.307611766762077	-142.70528051221
NC_007119.7	25714900	25715121	222	29	0.115706210629307	0.404910470601878	-0.289204259972571	-142.678424651367
NC_007121.7	36633616	36633899	284	28	0.0780853943910428	0.315486417841824	-0.237401023450781	-142.467580358761
NC_007128.7	25590164	25590356	193	30	0.100174106094026	0.377395387277374	-0.277221281183348	-142.295672361009
NC_007123.7	390004	390173	170	32	0.0994660021590862	0.237905966811393	-0.138439964652307	-142.211104685067
NC_007135.7	1008998	1009099	102	29	0.0852495347410498	0.199638462007051	-0.114388927266001	-141.845300662768
NC_007121.7	44980943	44981134	192	33	0.100004733430183	0.202855804609661	-0.102851071179478	-141.596465681386
NC_007127.7	40954706	40954835	130	37	0.0884893909538052	0.207098935014143	-0.118609544060338	-141.554920662722
NC_007122.7	769617	769743	127	26	0.0884097018673287	0.392282601269348	-0.303872899402019	-141.486790173687
NC_007117.7	24813347	24813530	184	32	0.124094370197502	0.395211709111139	-0.271117338913636	-141.079789712148
NC_007123.7	5459437	5459649	213	26	0.102855131499539	0.318251990535037	-0.215396859035498	-140.024527885846
NC_007127.7	12730400	12730681	282	33	0.128042329166327	0.357482827965691	-0.229440498799364	-139.490474929557
NC_007122.7	12050368	12050608	241	29	0.102445223661529	0.226096698186071	-0.123651474524542	-138.230715592621
NC_007135.7	41988720	41989102	383	26	0.0906920690190163	0.483663770097987	-0.39297170107897	-138.109793441449
NC_007118.7	18727798	18727985	188	27	0.100148021637052	0.410240819643568	-0.310092798006516	-136.647162423317
NC_007123.7	6213673	6213855	183	33	0.105765936446446	0.297201652678132	-0.191435716231686	-135.896085354372
NC_007134.7	26936645	26936767	123	28	0.0987465206371043	0.274312411746243	-0.175565891109139	-134.616414162275
NC_007135.7	24462176	24462441	266	26	0.0894649124028004	0.292477027536935	-0.203012115134135	-133.264386883322
NC_007124.7	15215832	15216020	189	31	0.0895409019457276	0.269148805941305	-0.179607903995577	-132.71320543308
NC_007129.7	29403595	29403710	116	23	0.101622947129012	0.308490875110647	-0.206867927981635	-132.508199876853
NC_007123.7	41993002	41993138	137	24	0.0844762414012864	0.527815223971293	-0.443338982570006	-131.169762196842
NC_007124.7	22421145	22421322	178	29	0.093556762141184	0.286945427087583	-0.193388664946399	-131.018680025279
NC_007115.7	18594678	18594766	89	27	0.115240152280624	0.251736216240678	-0.136496063960054	-129.811142588348
NC_007112.7	6190055	6190202	148	27	0.104540766120023	0.262838489131517	-0.158297723011494	-128.501615406463
NC_007133.7	11054069	11054218	150	35	0.118262668697238	0.259933515701913	-0.141670847004674	-127.901521477448
NC_007124.7	36184160	36184531	372	29	0.131603119352776	0.354928371973329	-0.223325252620553	-127.728727188806
NC_007122.7	12517034	12517097	64	10	0.835985778032431	0.0910848233744568	0.744900954657974	127.434453358612
NC_007116.7	41324674	41324931	258	26	0.116582955527357	0.336878271175233	-0.220295315647876	-126.998041403092
NC_007124.7	912030	912212	183	29	0.12574273814347	0.407018953910023	-0.281276215766554	-126.311365185299
NC_007118.7	20767462	20767647	186	33	0.111793633903895	0.291591410376192	-0.179797776472297	-126.199663948034
NC_007130.7	43018253	43018427	175	30	0.101094277885565	0.267869771738716	-0.166775493853151	-125.822914274212
NC_007116.7	23350345	23350417	73	22	0.0815634794261722	0.349512172327703	-0.267948692901531	-125.777715210715
NC_007134.7	2130025	2130233	209	31	0.0858723688127189	0.186369786511559	-0.10049741769884	-125.762736743305
NC_007114.7	30728786	30729077	292	17	0.856018770846054	0.361001866941822	0.495016903904232	125.747117222465
NC_007119.7	31008348	31008574	227	28	0.103989053714062	0.368549787752622	-0.264560734038561	-125.106736634533
NC_007119.7	17515506	17515655	150	29	0.0978024063144832	0.21047776283098	-0.112675356516497	-124.95818762685
NC_007123.7	7234809	7234913	105	23	0.107208491541519	0.297058005156098	-0.189849513614579	-124.889908707363
NC_007121.7	15053070	15053299	230	27	0.117655185231441	0.351941902013097	-0.234286716781656	-124.838116005529
NC_007116.7	71994797	71994916	120	26	0.0927387400288482	0.285725087689575	-0.192986347660727	-124.738041055242
NC_007122.7	6206282	6206488	207	24	0.106095779470081	0.333916011140763	-0.227820231670682	-124.698744306376
NC_007116.7	42123200	42123442	243	31	0.103137889090616	0.252400507932022	-0.149262618841407	-124.492284680272
NC_007119.7	27807921	27808052	132	27	0.091924153343085	0.316606674932386	-0.224682521589301	-122.442391158469
NC_007114.7	62140129	62140212	84	16	0.0844918535461974	0.350720919909238	-0.26622906636304	-122.307246355767
NC_007121.7	37268628	37268923	296	25	0.0892258091746317	0.394861544655032	-0.305635735480401	-121.689641268019
NC_007136.7	36455502	36455677	176	21	0.403282434642777	0.716399781692779	-0.313117347050002	-121.652036615154
NC_007113.7	50062230	50062491	262	26	0.104177248800345	0.305821222921207	-0.201643974120863	-121.526469546802
NC_007132.7	5590009	5590168	160	28	0.106947844262088	0.316653488478708	-0.20970564421662	-121.31169099218
NC_007122.7	12050155	12050314	160	29	0.104337033024541	0.266781387260346	-0.162444354235804	-120.833043621965
NC_007124.7	45159077	45159245	169	24	0.082089498708157	0.306218165660279	-0.224128666952122	-120.232711417464
NC_007118.7	34927802	34927955	154	26	0.0761343786510435	0.327808000117955	-0.251673621466912	-120.084627851923
NC_007125.7	49920	50064	145	28	0.0989899402354461	0.255340892805244	-0.156350952569798	-119.769120486557
NC_007117.7	28461	28754	294	26	0.11623716513651	0.363632513185108	-0.247395348048598	-119.683595383382
NC_007116.7	22836901	22837017	117	27	0.105771463018706	0.306368271500374	-0.200596808481668	-118.652396343907
NC_007130.7	8612840	8613032	193	28	0.0952232327665935	0.239342020799869	-0.144118788033276	-118.511658489151
NC_007125.7	790632	790894	263	26	0.100087001455498	0.269710119608006	-0.169623118152507	-118.474684794513
NC_007129.7	29403397	29403524	128	21	0.101711137862012	0.33827682885386	-0.236565690991847	-117.812228601048
NC_007132.7	39566827	39566997	171	25	0.10692983442893	0.431104572559781	-0.324174738130851	-116.91438503547
NC_007116.7	55626528	55626696	169	22	0.0998722068860976	0.417048025333572	-0.317175818447474	-116.485941046644
NC_007130.7	24678011	24678114	104	28	0.347144966314671	0.114994232066169	0.232150734248502	116.068862480938
NC_007121.7	31624571	31624704	134	28	0.083520803455108	0.236345963951646	-0.152825160496538	-115.205662170002
NC_007125.7	42999338	42999535	198	25	0.113429097062801	0.28593623828022	-0.172507141217419	-114.44202866216
NC_007118.7	737174	737341	168	26	0.114728601087243	0.335913797998515	-0.221185196911273	-114.257644569197
NC_007119.7	40326963	40327150	188	22	0.0876787055340759	0.298593568745616	-0.21091486321154	-113.28858563331
NC_007131.7	20312079	20312265	187	31	0.0838146264907185	0.220984933722737	-0.137170307232019	-113.146084757807
NC_007115.7	5741677	5741773	97	22	0.102857440539024	0.264721268693863	-0.16186382815484	-112.210286826108
NC_007129.7	1235372	1235508	137	14	0.888202660449284	0.482322665015198	0.405879995434085	111.813368853102
NC_007128.7	45413421	45413556	136	26	0.100920318695735	0.337885032355777	-0.236964713660043	-111.387044728313
NC_007118.7	52365067	52365171	105	26	0.107810096906701	0.223335112397593	-0.115525015490892	-111.304468988656
NC_007135.7	204460	204638	179	25	0.111804270825504	0.276969505792807	-0.165165234967304	-111.164484732868
NC_007127.7	2506240	2506392	153	27	0.106833637900216	0.247070502786217	-0.140236864886002	-111.052430314834
NC_007123.7	9703762	9703909	148	24	0.097286795167372	0.22842554202974	-0.131138746862368	-110.894407915454
NC_007129.7	48951182	48951420	239	25	0.0972859020680558	0.38469810652606	-0.287412204458004	-110.626877059734
NC_007121.7	135151	135350	200	22	0.598896594249757	0.312617292002958	0.286279302246799	110.444601050814
NC_007117.7	7686130	7686293	164	23	0.0968660449365958	0.319221982025932	-0.222355937089336	-110.385644622354
NC_007114.7	5227968	5228266	299	22	0.112693030918229	0.291952731750624	-0.179259700832395	-110.370252215586
NC_007132.7	15922950	15923132	183	29	0.0981179786220805	0.269042627826232	-0.170924649204152	-109.992761816164
NC_007117.7	10727218	10727514	297	27	0.0999499556266628	0.315910000802977	-0.215960045176315	-109.363220472282
NC_007130.7	1960869	1961034	166	29	0.1057045705843	0.214775728510818	-0.109071157926519	-109.310325686938
NC_007112.7	338023	338117	95	22	0.0872526217564114	0.230384242941223	-0.143131621184812	-109.27394565133
NC_007126.7	8394924	8395049	126	27	0.112361204038295	0.306836071820135	-0.19447486778184	-109.229365931601
NC_007134.7	45612289	45612361	73	25	0.0997337510012503	0.186412510743451	-0.0866787597422006	-109.119574287692
NC_007127.7	44542419	44542594	176	25	0.138493254636257	0.426784852397191	-0.288291597760934	-108.97292831963
NC_007132.7	41697770	41697934	165	25	0.106590627783496	0.280401148841671	-0.173810521058175	-108.659952030282
NC_007131.7	38032400	38032501	102	22	0.101568783985899	0.515463675442939	-0.413894891457039	-108.353198034887
NC_007112.7	714218	714495	278	23	0.112773678577236	0.257031272843708	-0.144257594266472	-107.097132946122
NC_007125.7	7931866	7932014	149	24	0.0742117721936521	0.233660535855871	-0.159448763662219	-107.084366833984
NC_007116.7	26949785	26949984	200	25	0.1226987942267	0.361072047009537	-0.238373252782837	-106.895898625261
NC_007127.7	22618405	22618652	248	25	0.0811820776124139	0.237219322937349	-0.156037245324935	-106.69000808586
NC_007114.7	17360291	17360362	72	21	0.114271209742115	0.308814506845097	-0.194543297102982	-106.623400611334
NC_007132.7	45839718	45839937	220	19	0.584434769025844	0.887401540873834	-0.30296677184799	-106.207625326962
NC_007135.7	32664831	32665007	177	27	0.104314842590758	0.254087550484312	-0.149772707893554	-106.197485483665
NC_007128.7	9310111	9310354	244	21	0.0980739667760976	0.313481174081268	-0.215407207305171	-105.332308623653
NC_007135.7	14937178	14937247	70	21	0.105372021668555	0.378603445097245	-0.27323142342869	-105.290360052653
NC_007115.7	5763992	5764123	132	26	0.138510957941241	0.287886098566015	-0.149375140624774	-105.192169445095
NC_007112.7	55210627	55210712	86	20	0.0852811215143996	0.2224074581137	-0.1371263365993	-104.878706906546
NC_007119.7	54285410	54285627	218	21	0.0860690009308213	0.182631777683686	-0.0965627767528645	-104.763701354816
NC_007136.7	16439579	16439761	183	22	0.0976468342912732	0.384698106524066	-0.287051272232792	-104.688226631399
NC_007115.7	25074940	25075170	231	26	0.124142494060167	0.391730033932023	-0.267587539871857	-104.130838845789
NC_007120.7	53707261	53707372	112	26	0.124211635421154	0.262057471395981	-0.137845835974827	-103.758172887175
NC_007115.7	837748	837819	72	22	0.0978872166090092	0.384698106523069	-0.286810889914059	-103.604162349771
NC_007121.7	45031400	45031512	113	21	0.0934923738734672	0.508650063965064	-0.415157690091596	-103.456371954174
NC_007131.7	34733381	34733651	271	18	0.187841481783176	0.506458274837629	-0.318616793054453	-103.261988435785
NC_007128.7	43664012	43664109	98	22	0.104749488361457	0.272342780323935	-0.167593291962478	-103.182705771611
NC_007122.7	25328616	25328724	109	22	0.0956071681271872	0.451685127100776	-0.356077958973589	-102.242692810349
NC_007124.7	9442540	9442674	135	23	0.0974944531744555	0.205077394173947	-0.107582940999491	-101.965207724555
NC_007125.7	1098343	1098489	147	22	0.101170300918443	0.244902420227053	-0.143732119308609	-101.771303523744
NC_007112.7	5455027	5455141	115	22	0.0959613435732826	0.282853526388181	-0.186892182814898	-100.958395001919
NC_007130.7	977978	978131	154	23	0.116686423904676	0.459115587173824	-0.342429163269148	-100.780438705316
NC_007134.7	44733482	44733538	57	22	0.107775220588609	0.282765106565971	-0.174989885977362	-100.466523149984
NC_007125.7	2399189	2399346	158	23	0.0954018591521667	0.203151653002186	-0.107749793850019	-100.304241867042
NC_007134.7	2789405	2789526	122	27	0.0840129844730318	0.230508935511719	-0.146495951038687	-100.161322072773
NC_007136.7	14853442	14853580	139	18	0.0739052217544124	0.239571079790369	-0.165665858035957	-100.083792870676
NC_007115.7	15441507	15441631	125	23	0.102394373382979	0.404431370726966	-0.302036997343987	-99.8741208075293
NC_007114.7	48473390	48473512	123	21	0.0739632464102215	0.380618699038775	-0.306655452628553	-99.2623627069956
NC_007116.7	32162408	32162540	133	23	0.120927673104171	0.357437212185545	-0.236509539081374	-99.143833584818
NC_007125.7	104078	104182	105	19	0.0964963831988988	0.342239135873415	-0.245742752674516	-98.5041541173693
NC_007127.7	11029539	11029629	91	22	0.0875557336385683	0.26040638509843	-0.172850651459862	-98.2989401821881
NC_007125.7	26704372	26704507	136	21	0.107955542127632	0.305013492850571	-0.197057950722939	-98.0090714833403
NC_007112.7	58957269	58957378	110	23	0.105153685548422	0.264920954449494	-0.159767268901071	-97.803819731839
NC_007136.7	14853284	14853387	104	19	0.0745183441019286	0.243430854863917	-0.168912510761989	-97.6660916978756
NC_007118.7	8877019	8877124	106	23	0.108153392615598	0.409626254834088	-0.30147286221849	-97.3067715524802
NC_007123.7	48707899	48708167	269	19	0.151554256771816	0.526075672722555	-0.374521415950738	-97.2493882429425
NC_007126.7	42995175	42995348	174	25	0.0926372005125393	0.297506062504561	-0.204868861992021	-97.1423454873062
NC_007128.7	43286796	43287011	216	25	0.101132910424218	0.288256898237625	-0.187123987813407	-96.4374162426881
NC_007130.7	2316446	2316629	184	20	0.104740339563016	0.376164714494202	-0.271424374931187	-96.0596715132381
NC_007113.7	44720337	44720428	92	23	0.0744746882361147	0.200780273130205	-0.126305584894091	-96.0129748669547
NC_007134.7	44655916	44656055	140	24	0.0850563443587427	0.230922727793803	-0.14586638343506	-95.9891292294636
NC_007124.7	1155589	1155720	132	21	0.112859559221837	0.419287187925411	-0.306427628703574	-95.9794326797663
NC_007125.7	214426	214494	69	23	0.105763462630125	0.208713524939168	-0.102950062309044	-95.863487902422
NC_007122.7	37589440	37589514	75	22	0.136159203103543	0.405793083433049	-0.269633880329506	-95.6163569886526
NC_007112.7	38309809	38310173	365	13	0.183041755150948	0.704142817490907	-0.521101062339959	-95.2569018146614
NC_007119.7	11407	11545	139	21	0.249084319348097	0.422882322838351	-0.173798003490255	-95.2480564112102
NC_007113.7	57900194	57900328	135	23	0.0764708280839038	0.274420844015311	-0.197950015931407	-95.1383698611176
NC_007121.7	1397248	1397298	51	19	0.102365490923079	0.38740257862835	-0.285037087705271	-95.1306432969746
NC_007122.7	3850748	3850878	131	21	0.0876091284768986	0.275754889789476	-0.188145761312577	-94.9245963036298
NC_007116.7	38610945	38611042	98	21	0.0816268515353219	0.393442072909362	-0.31181522137404	-94.799371758637
NC_007120.7	48095	48192	98	22	0.0986781618516847	0.196118474133546	-0.0974403122818616	-94.5134691569611
NC_007117.7	40795924	40796151	228	20	0.109324389766441	0.385200568171884	-0.275876178405443	-94.4101759756051
NC_007116.7	22951651	22951780	130	22	0.0710288045326609	0.197826528174033	-0.126797723641372	-94.2043685056707
NC_007124.7	15142048	15142155	108	20	0.106745003540844	0.222428561844137	-0.115683558303293	-94.172930088794
NC_007121.7	16036699	16036863	165	23	0.108268852399288	0.354743076479197	-0.246474224079909	-93.8566524890272
NC_007116.7	19868063	19868168	106	20	0.0892410606374481	0.369688594427455	-0.280447533790007	-93.831336662507
NC_007112.7	44512	44598	87	20	0.103389053391334	0.307113856997746	-0.203724803606412	-93.3112381161065
NC_007128.7	11329488	11329550	63	14	0.086327808182863	0.252449736311371	-0.166121928128508	-92.817890419655
NC_007112.7	51156230	51156356	127	20	0.0642880452485858	0.292787968921393	-0.228499923672807	-92.5229406458489
NC_007114.7	30155950	30156067	118	21	0.086331126957855	0.359118507530003	-0.272787380572148	-91.9128072469233
NC_007128.7	52676304	52676456	153	23	0.0966305543309071	0.215840016033752	-0.119209461702845	-91.6896966186443
NC_007125.7	2162695	2162867	173	20	0.0940383071385217	0.227837387985722	-0.133799080847201	-91.6562873554245
NC_007131.7	20485215	20485406	192	21	0.107099899088258	0.248556936841238	-0.14145703775298	-90.511228137791
NC_007121.7	28117722	28117885	164	22	0.0798950442364175	0.276064606642358	-0.19616956240594	-89.8535973818498
NC_007118.7	47850201	47850322	122	17	0.109394806584465	0.289756323250063	-0.180361516665598	-89.6971167855202
NC_007120.7	28103043	28103203	161	21	0.111734698581643	0.384302782367628	-0.272568083785986	-89.5674731932426
NC_007125.7	46441870	46442006	137	22	0.101936895449406	0.300540279744335	-0.198603384294929	-89.5201685564137
NC_007127.7	48616320	48616521	202	22	0.097797286570691	0.361667685642253	-0.263870399071562	-88.8279853133308
NC_007128.7	681101	681170	70	18	0.0863391807216479	0.325339868467857	-0.239000687746209	-88.6258227704143
NC_007124.7	3155482	3155588	107	19	0.106054454103056	0.467728616674678	-0.361674162571622	-88.0565874900223
NC_007131.7	51465342	51465408	67	17	0.0820237381795352	0.375128091436458	-0.293104353256923	-87.6542561108965
NC_007130.7	21422091	21422374	284	14	0.186457372069845	0.674143335617906	-0.487685963548061	-87.4672611129294
NC_007123.7	9483309	9483547	239	16	0.186944808019649	0.505606185987499	-0.31866137796785	-87.3561455995107
NC_007118.7	47850389	47850556	168	20	0.109708847989475	0.305397061670573	-0.195688213681098	-87.3206052429585
NC_007117.7	46388610	46388761	152	19	0.0932658224924978	0.493517041790077	-0.40025121929758	-86.7938173501597
NC_007135.7	4449042	4449187	146	19	0.100305304169876	0.272983730465485	-0.172678426295609	-86.5524888241922
NC_007127.7	813837	813954	118	19	0.0879144056104426	0.30670779356982	-0.218793387959377	-86.2013322611944
NC_007128.7	20430310	20430473	164	23	0.0881583393560752	0.273570020242812	-0.185411680886737	-85.8867255415159
NC_007123.7	27705336	27705493	158	22	0.104049396952557	0.348167385459162	-0.244117988506605	-85.6380756626711
NC_007131.7	16403422	16403532	111	20	0.123356649959464	0.2657134883501	-0.142356838390636	-85.5031350900699
NC_007119.7	18995517	18995714	198	10	0.77300066661506	0.144413139091988	0.628587527523072	85.3756201048881
NC_007117.7	14950988	14951115	128	18	0.102733571130372	0.367307660284204	-0.264574089153832	-85.3193140852033
NC_007128.7	38243217	38243385	169	20	0.0843056724397065	0.379217096620918	-0.294911424181212	-85.3182966914703
NC_007113.7	58660830	58660908	79	19	0.0932148884643369	0.422515842946201	-0.329300954481864	-85.0437129991582
NC_007128.7	11329642	11329761	120	17	0.0999318614140133	0.241788121081456	-0.141856259667443	-84.577542191002
NC_007136.7	35542242	35542340	99	18	0.099623415580259	0.241757359530453	-0.142133943950194	-84.5468244189076
NC_007127.7	42151714	42151836	123	18	0.0782425020999669	0.212595023381032	-0.134352521281065	-84.3513733868823
NC_007134.7	493143	493218	76	20	0.114472623542332	0.443728595711084	-0.329255972168752	-84.1009353618711
NC_007125.7	46305423	46305515	93	20	0.0839234981799774	0.274826572892993	-0.190903074713016	-84.0602031076131
NC_007118.7	50821635	50821747	113	18	0.0825017441176664	0.443578213679607	-0.361076469561941	-83.5392090864061
NC_007120.7	1505460	1505706	247	20	0.102408122772826	0.283916945824074	-0.181508823051249	-83.2062814541587
NC_007114.7	60716880	60716989	110	19	0.10722111435129	0.486090392560654	-0.378869278209363	-82.742007684924
NC_007116.7	47601750	47601941	192	16	0.0808416029936552	0.517394554875827	-0.436552951882172	-82.2576118932715
NC_007114.7	26286484	26286588	105	20	0.0944000106934837	0.28637275518085	-0.191972744487366	-82.1538768564373
NC_007112.7	51606376	51606506	131	19	0.111403298499951	0.493517041790077	-0.382113743290127	-81.4141355344057
NC_007125.7	49744	49829	86	16	0.10621067712429	0.241093553294077	-0.134882876169787	-81.369128443918
NC_007125.7	763717	763800	84	17	0.107235051700324	0.273151716978988	-0.165916665278664	-81.0883480398523
NC_007119.7	9119682	9119746	65	17	0.118253575109171	0.430900474174555	-0.312646899065384	-80.9494880510846
NC_007113.7	56635792	56635865	74	20	0.0809730630499953	0.181160973730225	-0.10018791068023	-80.9192774533101
NC_007113.7	43605666	43605753	88	16	0.116688360302553	0.38133547641351	-0.264647116110956	-80.6729150248923
NC_007118.7	37477257	37477328	72	17	0.117793188444687	0.424209155003497	-0.30641596655881	-80.6249859826506
NC_007129.7	5917634	5917824	191	20	0.0801200696008698	0.208918160257922	-0.128798090657052	-80.3690451669669
NC_007126.7	38859240	38859375	136	18	0.109577376278352	0.362369118945549	-0.252791742667197	-80.3318276321146
NC_007129.7	46477385	46477545	161	19	0.101479823329919	0.435461215318297	-0.333981391988378	-80.1935664125091
NC_007114.7	13637385	13637541	157	19	0.107726869390329	0.290070358128787	-0.182343488738458	-79.9247650292777
NC_007120.7	28274841	28275011	171	19	0.107003305809313	0.301320104027241	-0.194316798217928	-79.720343136378
NC_007114.7	25813177	25813303	127	19	0.111339907289274	0.358912001652417	-0.247572094363143	-79.6908000539478
NC_007127.7	33593704	33593844	141	18	0.0906621296892634	0.25619876278973	-0.165536633100467	-79.524066374544
NC_007117.7	40952318	40952406	89	16	0.108696104021046	0.331299542434291	-0.222603438413245	-79.100948845709
NC_007131.7	53096944	53096999	56	19	0.0945955973664373	0.212929901005386	-0.118334303638948	-78.7961102227377
NC_007136.7	37083970	37084096	127	18	0.0960870865284341	0.485085025152755	-0.388997938624321	-78.6525965717724
NC_007131.7	36107024	36107109	86	17	0.106800518443869	0.34389939309661	-0.237098874652741	-78.570585205425
NC_007126.7	23780276	23780424	149	18	0.0984240316812071	0.485085025152484	-0.386660993471277	-78.4753087875512
NC_007119.7	54284857	54284939	83	19	0.101596728175815	0.192310186239956	-0.0907134580641415	-77.2415861218654
NC_007118.7	9326606	9326671	66	16	0.103399680245032	0.318942258608949	-0.215542578363917	-76.0051080346681
NC_007130.7	17109296	17109353	58	15	0.109470670292558	0.508742852452685	-0.399272182160127	-75.6835984735406
NC_007128.7	11329293	11329424	132	16	0.0828482765247717	0.231191713593074	-0.148343437068302	-75.1039514524631
NC_007116.7	13684539	13684673	135	16	0.0922144690596639	0.249887717384728	-0.157673248325064	-75.0533064199512
NC_007120.7	47947	48027	81	19	0.101943268696797	0.18266880376595	-0.0807255350691526	-74.9019268788451
NC_007115.7	12113294	12113369	76	18	0.0973376403634966	0.194066969513005	-0.0967293291495084	-74.742572775132
NC_007121.7	20377728	20377854	127	12	0.908138318339653	0.568436652000737	0.339701666338916	74.6929538267803
NC_007127.7	45693529	45693601	73	17	0.111402957368431	0.322978592829238	-0.211575635460807	-74.6676995336494
NC_007119.7	54285068	54285137	70	16	0.0889739803638923	0.1584665565761	-0.0694925762122072	-74.5713958434631
NC_007125.7	103881	103951	71	13	0.0843448902652754	0.414868144050203	-0.330523253784928	-74.4385378557172
NC_007124.7	33117549	33117689	141	19	0.101812177558923	0.362832153037641	-0.261019975478718	-74.4348811740579
NC_007123.7	20165432	20165528	97	12	0.876059766018831	0.362097317704854	0.513962448313977	74.2961097857613
NC_007129.7	493768	493898	131	20	0.0945235566300338	0.186061435798936	-0.0915378791689019	-74.1718994013533
NC_007133.7	5589133	5589267	135	19	0.0939879928067027	0.273873286943287	-0.179885294136585	-73.173496093466
NC_007128.7	680960	681050	91	13	0.0863391807216479	0.325339868467857	-0.239000687746209	-72.8440992265114
NC_007119.7	25074026	25074150	125	17	0.0941660056840139	0.475986424321479	-0.381820418637465	-72.5429058331543
NC_007130.7	11846682	11846784	103	18	0.103567139958878	0.225944050193287	-0.122376910234409	-71.7661218926171
NC_007131.7	182545	182680	136	16	0.107100522960239	0.327808000119234	-0.220707477158995	-71.6643193785173
NC_007136.7	234189	234364	176	17	0.0863288810025432	0.284679355468807	-0.198350474466264	-71.4892231982724
NC_007131.7	41549350	41549457	108	16	0.0702265330975466	0.457543081729129	-0.387316548631582	-71.4871883336634
NC_007126.7	8399384	8399515	132	17	0.590522804459655	0.878607739915267	-0.288084935455611	-71.2424355987611
NC_007120.7	7538833	7539078	246	13	0.709718486845539	0.220161008361708	0.489557478483831	71.191949625118
NC_007126.7	42230532	42230583	52	12	0.0974871726444154	0.238184487477331	-0.140697314832916	-71.0900900540304
NC_007119.7	17515786	17515956	171	15	0.0904268964059703	0.210386712172055	-0.119959815766084	-71.0181456027201
NC_007122.7	32790741	32790895	155	17	0.0805087327164117	0.407041630056874	-0.326532897340462	-70.8071101740967
NC_007120.7	7570720	7570872	153	11	0.415957117139202	0.919740509044057	-0.503783391904855	-70.6186415919811
NC_007114.7	12115225	12115305	81	16	0.109863880916349	0.269351348711162	-0.159487467794813	-70.1263721727774
NC_007116.7	70861922	70862016	95	19	0.091912197236514	0.173318847725768	-0.081406650489254	-69.815351420258
NC_007132.7	31726891	31726975	85	14	0.615622956024991	0.884056913702337	-0.268433957677346	-69.548353479943
NC_007112.7	59236634	59236766	133	16	0.0800647687481556	0.466140545986219	-0.386075777238064	-69.4928168250179
NC_007117.7	40952541	40952647	107	13	0.107030528747838	0.376041492929283	-0.269010964181446	-68.5257541714686
NC_007125.7	24278213	24278285	73	13	0.106982077923468	0.298504118637656	-0.191522040714188	-68.2501440526327
NC_007113.7	35101821	35101922	102	15	0.11482811207936	0.401693516110729	-0.28686540403137	-67.9099266119224
NC_007117.7	19926102	19926171	70	15	0.130894697285163	0.464457942218179	-0.333563244933017	-67.8572883667594
NC_007135.7	17005600	17005663	64	15	0.095229483845804	0.347772324468033	-0.252542840622229	-67.8393956201346
NC_007135.7	21514416	21514507	92	17	0.113824495844008	0.261842755383454	-0.148018259539446	-67.8275702290486
NC_007134.7	10146482	10146573	92	14	0.0764817704200361	0.400778962105263	-0.324297191685227	-67.7287242691586
NC_007124.7	482943	483061	119	16	0.0849635732404304	0.36007937145763	-0.275115798217199	-67.4459768593311
NC_007132.7	34657756	34657875	120	14	0.0984782521375176	0.282713337791671	-0.184235085654153	-67.3886853233101
NC_007117.7	11779759	11779858	100	17	0.097551315508363	0.229858962939226	-0.132307647430863	-67.0907636033183
NC_007112.7	58841059	58841170	112	16	0.104838482105303	0.243531131934278	-0.138692649828976	-66.9888354481642
NC_007132.7	28844183	28844441	259	10	0.668298588314616	0.132287261153878	0.536011327160739	66.5594929238675
NC_007130.7	31802433	31802520	88	15	0.0936512114239307	0.266400158330317	-0.172748946906386	-66.5169559121299
NC_007124.7	10261025	10261104	80	16	0.0806304793251557	0.229030567208736	-0.14840008788358	-66.5021827168327
NC_007123.7	44910694	44910750	57	15	0.105295870968583	0.26827504025093	-0.162979169282347	-66.4458000297579
NC_007117.7	121162	121267	106	12	0.922578226955672	0.661350633884769	0.261227593070903	66.1345515434818
NC_007128.7	23894046	23894163	118	16	0.118326831125873	0.315063202391215	-0.196736371265342	-65.7122675844268
NC_007120.7	51432512	51432593	82	14	0.0912192701201902	0.215669973462989	-0.124450703342799	-65.6453889044258
NC_007133.7	2684669	2684760	92	14	0.189071839999995	0.579714097979037	-0.390642257979042	-65.5199575869082
NC_007128.7	3391159	3391252	94	15	0.110392874198599	0.406987846301171	-0.296594972102572	-64.8822955709228
NC_007112.7	58840886	58840971	86	14	0.104963553919865	0.243139739821255	-0.13817618590139	-64.873270591154
NC_007132.7	19017980	19018092	113	15	0.0989941880191595	0.209995488648223	-0.111001300629063	-63.6313908629981
NC_007122.7	497650	497707	58	12	0.102341544567368	0.415983170206733	-0.313641625639365	-63.5655071076951
NC_007134.7	42424191	42424318	128	8	0.946277111227496	0.323270811649561	0.623006299577935	63.5385069705834
NC_007112.7	46195167	46195296	130	8	0.0778267488610202	0.291148342888839	-0.213321594027818	-62.9457152500374
NC_007112.7	12764123	12764198	76	13	0.0946852824902527	0.408010607070548	-0.313325324580295	-62.6336822287264
NC_007114.7	12115064	12115123	60	17	0.107553068382523	0.266111827899116	-0.158558759516594	-62.5711136317952
NC_007136.7	29311185	29311304	120	15	0.109167101433326	0.297511070581692	-0.188343969148366	-62.1270751706844
NC_007120.7	53707514	53707578	65	14	0.12294350622757	0.262731456245758	-0.139787950018188	-62.0720802170571
NC_007126.7	17392200	17392290	91	11	0.208033685574161	0.619748736089363	-0.411715050515203	-62.0415121695502
NC_007123.7	7234978	7235079	102	13	0.109706446554335	0.293035568217308	-0.183329121662973	-61.5639904748515
NC_007115.7	12955938	12956070	133	10	0.933913351810397	0.511133768727227	0.422779583083169	61.5086349225755
NC_007117.7	4540392	4540516	125	12	0.0915786339650516	0.361192440572941	-0.26961380660789	-61.434155070129
NC_007119.7	16258844	16258914	71	15	0.0901965896415686	0.228958106503078	-0.138761516861509	-61.3541263340947
NC_007128.7	24878640	24878783	144	14	0.0923804508965163	0.361894477071454	-0.269514026174938	-61.2685908482874
NC_007130.7	82510	82566	57	14	0.116048494437747	0.285342505020718	-0.169294010582971	-61.2066061188856
NC_007125.7	38849685	38849802	118	15	0.104701911399333	0.401519870767991	-0.296817959368658	-61.039768753671
NC_007113.7	58863187	58863269	83	14	0.0898141955022331	0.192451369230389	-0.102637173728156	-60.7046643806089
NC_007123.7	16762327	16762403	77	8	0.175202436576515	0.539368495340811	-0.364166058764296	-60.6733250419184
NC_007114.7	5207959	5208131	173	9	0.358933423163349	0.868326961766443	-0.509393538603094	-60.2149474002281
NC_007132.7	45878710	45878767	58	14	0.0932665490382241	0.199579811449511	-0.106313262411287	-59.9235242707429
NC_007131.7	1763986	1764040	55	16	0.0909660475553528	0.241411489761772	-0.150445442206419	-59.6855795153725
NC_007120.7	2593552	2593640	89	13	0.0886614406614242	0.228658165229482	-0.139996724568058	-59.4959248702306
NC_007126.7	1651261	1651326	66	13	0.0833026715162497	0.178251894415446	-0.0949492228991961	-59.3792550036345
NC_007121.7	36825713	36825784	72	13	0.106725131773377	0.485085025152755	-0.378359893379379	-58.9667826077195
NC_007127.7	15262725	15262812	88	13	0.116239503832206	0.283930082773619	-0.167690578941413	-58.9365780273767
NC_007113.7	57227333	57227442	110	13	0.12029636931996	0.288121170735278	-0.167824801415318	-58.4948492565453
NC_007129.7	1235141	1235297	157	8	0.875385745065455	0.483099234133724	0.392286510931731	58.4221738131463
NC_007112.7	53374409	53374526	118	9	0.430475813591782	0.920625812752605	-0.490149999160823	-58.3589638072817
NC_007116.7	336887	336955	69	12	0.113278097291016	0.284312363502669	-0.171034266211653	-57.3925597997484
NC_007119.7	3649280	3649333	54	8	0.0818166334103977	0.314056675449301	-0.232240042038904	-57.3446331749315
NC_007113.7	43605817	43605874	58	11	0.109407161868822	0.449779728648025	-0.340372566779203	-57.253814267814
NC_007123.7	28737110	28737334	225	10	0.306898572362988	0.789335243739869	-0.482436671376881	-57.1405801121984
NC_007131.7	12829441	12829515	75	11	0.395741064814167	0.779559850701906	-0.383818785887739	-57.0168235058919
NC_007113.7	49093345	49093421	77	13	0.0816603869437969	0.189360179885232	-0.107699792941435	-56.782069417093
NC_007121.7	37025604	37025714	111	9	0.104670125462111	0.592688274288464	-0.488018148826353	-56.6872581960988
NC_007117.7	40182202	40182287	86	12	0.115929325568155	0.328886000827708	-0.212956675259553	-56.5218118550099
NC_007118.7	39738621	39738710	90	13	0.096250099047059	0.264366097042427	-0.168115997995368	-56.3998019198089
NC_007116.7	48664268	48664333	66	13	0.0908065172648103	0.286341894542469	-0.195535377277659	-56.3816986368837
NC_007115.7	17724655	17724705	51	13	0.114497283034267	0.445969073001674	-0.331471789967408	-56.1514133886317
NC_007127.7	13388880	13388961	82	13	0.107159891203008	0.400737608222906	-0.293577717019898	-56.1262022967712
NC_007120.7	51432284	51432389	106	11	0.095182930846178	0.218508682852653	-0.123325752006475	-56.0993586983396
NC_007130.7	44039991	44040161	171	8	0.794186046572122	0.152990602032236	0.641195444539885	55.7495170978498
NC_007121.7	44357837	44357901	65	11	0.0872471039104189	0.178761564592824	-0.0915144606824049	-55.7337197817183
NC_007120.7	7884727	7884896	170	14	0.102785551724908	0.270316742264753	-0.167531190539844	-55.5678951063621
NC_007126.7	13985683	13985782	100	12	0.122302113275147	0.256237429972054	-0.133935316696907	-55.1353224169807
NC_007121.7	44981188	44981247	60	11	0.100637303449899	0.241913378890925	-0.141276075441026	-55.0806764892156
NC_007121.7	21381790	21381864	75	13	0.108779622101948	0.311184626269048	-0.2024050041671	-55.0414241929799
NC_007127.7	31469464	31470435	972	9	0.408732275425717	0.82555596164361	-0.416823686217893	-55.0016730721175
NC_007115.7	18939202	18939304	103	11	0.0858739610813432	0.23759254812573	-0.151718587044387	-54.9642821330454
NC_007121.7	27223698	27223794	97	13	0.0828221136576365	0.357130272702983	-0.274308159045347	-54.6725483179069
NC_007131.7	23438917	23439016	100	12	0.106117568285147	0.390490542329709	-0.284372974044562	-53.7797454960028
NC_007114.7	40680644	40680751	108	15	0.107869547753849	0.235992899375039	-0.12812335162119	-53.6312482345938
NC_007128.7	37649029	37649159	131	9	0.82074925705446	0.350379766031628	0.470369491022832	53.3727974429095
NC_007130.7	42847399	42847458	60	12	0.118254226609426	0.443813611489434	-0.325559384880009	-53.2291375187766
NC_007135.7	16454601	16454730	130	7	0.798592459673464	0.141687195084392	0.656905264589072	52.905405579969
NC_007116.7	27433009	27433106	98	12	0.116978137064248	0.33352210626955	-0.216543969205302	-52.7281012283814
NC_007124.7	15077000	15077118	119	7	0.911474428113546	0.207046010124538	0.704428417989008	52.7083186449918
NC_007115.7	5742497	5742649	153	9	0.101565311092685	0.303576208013046	-0.202010896920361	-52.3729778371242
NC_007121.7	507572	507641	70	11	0.924060601704912	0.649407328150116	0.274653273554796	52.1623838737046
NC_007127.7	54795919	54796037	119	10	0.802895773675589	0.275654816522145	0.527240957153444	52.105413001715
NC_007134.7	15035641	15035699	59	12	0.108632420111376	0.247745881618036	-0.139113461506659	-52.0513525498219
NC_007116.7	72416088	72416143	56	13	0.0976594438236912	0.217338416024422	-0.119678972200731	-51.8529495620972
NC_007124.7	37288935	37288986	52	9	0.798067706281797	0.398449166883682	0.399618539398115	51.712536186561
NC_007133.7	372272	372353	82	12	0.478583082969279	0.175988615885636	0.302594467083643	51.4378861784378
NC_007112.7	12103532	12103598	67	12	0.0851857304041307	0.269381496158126	-0.184195765753995	-51.2986476603057
NC_007131.7	17740067	17740123	57	11	0.107089359832669	0.290043795144595	-0.182954435311926	-50.5515390587853
NC_007124.7	40334967	40335018	52	10	0.0739179549642329	0.20902764126668	-0.135109686302448	-50.5240952001216
NC_007129.7	38759868	38759958	91	7	0.167533570977351	0.883437194809959	-0.715903623832608	-50.515649585105
NC_007125.7	1098565	1098640	76	9	0.0996778519188404	0.325912583279387	-0.226234731360546	-49.8107380582906
NC_007130.7	31802263	31802380	118	10	0.102389478019191	0.306391686404239	-0.204002208385048	-49.7436341105028
NC_007119.7	54221512	54221618	107	11	0.092595373751704	0.240673199171475	-0.148077825419771	-49.2659868463517
NC_007120.7	9671310	9671364	55	11	0.136905691663383	0.361530355622067	-0.224624663958685	-49.0873063750488
NC_007136.7	36003309	36003373	65	11	0.0915535263855135	0.309289490875239	-0.217735964489726	-48.8964601993078
NC_007135.7	24461846	24461910	65	11	0.0764770747579941	0.178794585314047	-0.102317510556053	-48.7194555085588
NC_007135.7	12670013	12670103	91	10	0.916437164576554	0.771019864936108	0.145417299640446	48.4820298909993
NC_007131.7	2411069	2411137	69	12	0.084820320719115	0.222172102171762	-0.137351781452647	-48.2412955963723
NC_007113.7	54018263	54018328	66	12	0.898235578079033	0.647104526699359	0.251131051379674	47.9226391765546
NC_007135.7	37781399	37781472	74	11	0.215180057664722	0.495732371779202	-0.28055231411448	-47.6015922505072
NC_007126.7	24746544	24746612	69	13	0.0778769312193158	0.303839793790715	-0.225962862571399	-47.5311329718717
NC_007117.7	12922679	12922756	78	11	0.104476806825236	0.277708138499606	-0.173231331674369	-47.0996903836482
NC_007121.7	75450	75503	54	10	0.0776637420571506	0.169665446220822	-0.0920017041636715	-47.089432860515
NC_007129.7	50903631	50903715	85	10	0.0657088591340963	0.221041152123008	-0.155332292988911	-46.895245164486
NC_007113.7	11802685	11802761	77	9	0.934586024194975	0.710263280117227	0.224322744077748	46.8658229750197
NC_007135.7	24462051	24462102	52	10	0.0820378723551762	0.211069229142175	-0.129031356786999	-46.5860911987612
NC_007129.7	46932656	46932791	136	8	0.880687348275565	0.484567524428915	0.396119823846651	46.4082857008557
NC_007119.7	54282406	54283956	1551	8	0.434017835202833	0.875860094567564	-0.44184225936473	-46.3522354515185
NC_007121.7	22822682	22822742	61	7	0.146126754592732	0.774201643860054	-0.628074889267322	-45.7870100065763
NC_007119.7	31120223	31120365	143	13	0.0904171267497255	0.235926076327593	-0.145508949577868	-45.7448379479998
NC_007113.7	50414597	50414668	72	9	0.0830070367467667	0.395281217539928	-0.312274180793161	-45.4190695514169
NC_007113.7	57444005	57444080	76	13	0.0764454368702116	0.268095197896042	-0.19164976102583	-45.3074832981382
NC_007129.7	46369223	46369302	80	10	0.110602039334659	0.20681957714198	-0.0962175378073214	-45.2268306201349
NC_007124.7	13243138	13243223	86	6	0.148688731126919	0.881684619814182	-0.732995888687263	-45.0970628062871
NC_007122.7	1871590	1871663	74	12	0.101286752847093	0.30679038905257	-0.205503636205478	-45.064062551954
NC_007113.7	4208368	4208436	69	12	0.0970506475380561	0.199781275455658	-0.102730627917601	-44.9204896036581
NC_007117.7	7221732	7221823	92	8	0.420049734432336	0.920266670963653	-0.500216936531317	-44.8540100314842
NC_007133.7	21516777	21516866	90	11	0.104254231187522	0.316015272675299	-0.211761041487777	-44.8240981272145
NC_007113.7	50414354	50414428	75	9	0.0919189444556959	0.394918321680448	-0.302999377224753	-44.7926116166257
NC_007134.7	3410867	3410937	71	11	0.072937277237286	0.443813611485692	-0.370876334248406	-44.1822946760825
NC_007129.7	18904255	18904349	95	10	0.108656581815124	0.322714676554668	-0.214058094739545	-44.0972423570459
NC_007114.7	62525123	62525204	82	7	0.616063178064014	0.911865687188577	-0.295802509124564	-44.0856996612339
NC_007118.7	29164485	29164556	72	9	0.120235729830866	0.311207798333657	-0.190972068502791	-43.8077993927256
NC_007127.7	32446442	32446642	201	7	0.450926577723797	0.890522300727382	-0.439595723003585	-43.6167001483769
NC_007116.7	2676160	2676237	78	10	0.0965321175891132	0.286749417543198	-0.190217299954085	-43.3138310964826
NC_007115.7	77556516	77556856	341	8	0.232855295215323	0.341591822884475	-0.108736527669152	-43.0804254777995
NC_007131.7	53097106	53097166	61	10	0.0949072389758548	0.211734607221177	-0.116827368245322	-43.0416542990304
NC_007119.7	4577815	4577886	72	8	0.0998999093706645	0.347277126426948	-0.247377217056284	-42.5897592576168
NC_007122.7	1871446	1871517	72	9	0.101286752847093	0.30679038905257	-0.205503636205478	-42.3765929381855
NC_007125.7	26704182	26704304	123	9	0.0990967393498368	0.298132042862455	-0.199035303512618	-42.3567129119983
NC_007133.7	37624050	37624136	87	9	0.0802364790376933	0.189681611101264	-0.109445132063571	-42.1273126310172
NC_007121.7	4925027	4925116	90	11	0.101916221548606	0.299092587819133	-0.197176366270526	-42.0946136527793
NC_007115.7	77773043	77773094	52	10	0.893239553881257	0.67321510186942	0.220024452011837	41.6487486338413
NC_007117.7	4541449	4541521	73	10	0.112388500076238	0.254401831336937	-0.142013331260699	-41.557982662626
NC_007132.7	7132090	7132170	81	10	0.0685221834759355	0.216648327588677	-0.148126144112741	-41.2945995124666
NC_007114.7	17030545	17030669	125	8	0.0854182914680473	0.308442878017161	-0.223024586549114	-40.5430782658293
NC_007121.7	20377922	20378088	167	6	0.843980691993195	0.51157913700096	0.332401554992235	40.0837527997009
NC_007122.7	497764	497840	77	9	0.107746546954983	0.412036283122984	-0.304289736168001	-39.7556878641812
NC_007115.7	4272778	4272838	61	9	0.0993578374374118	0.26050160232315	-0.161143764885738	-39.7524172590911
NC_007121.7	37182636	37182703	68	9	0.0988733685444856	0.201583379382561	-0.102710010838075	-39.4052863708445
NC_007115.7	18939391	18939466	76	8	0.0818583927224021	0.304119393221513	-0.222261000499111	-39.2850379228271
NC_007122.7	11447267	11447335	69	6	0.446091950008583	0.832332865932252	-0.386240915923669	-39.0803360275944
NC_007128.7	29277090	29277162	73	10	0.11041889023865	0.33559428797139	-0.22517539773274	-38.5347085032051
NC_007118.7	58989483	58989626	144	6	0.619794984033936	0.31915874568052	0.300636238353416	38.3851253740051
NC_007120.7	34001204	34001355	152	10	0.92219784997715	0.568286672581537	0.353911177395613	38.2251128590274
NC_007123.7	30442519	30442591	73	9	0.0861405128216239	0.284790350974289	-0.198649838152665	-38.2093281634335
NC_007135.7	32176407	32176457	51	8	0.0964414094660222	0.282801428241927	-0.186360018775905	-38.1691165234176
NC_007112.7	43862524	43862630	107	10	0.103059929717993	0.308992146049627	-0.205932216331634	-38.1536225269086
NC_007118.7	58826011	58826071	61	8	0.0991160474578037	0.307797680846645	-0.208681633388841	-37.9191918205692
NC_007119.7	10791	10865	75	7	0.101184537328434	0.351202258598598	-0.250017721270164	-37.4976305389136
NC_007129.7	5248132	5248241	110	8	0.1097619033735	0.286203364076569	-0.176441460703068	-36.9752649757818
NC_007118.7	9326382	9326469	88	7	0.10301876515629	0.312220748151083	-0.209201982994793	-36.9281802124546
NC_007135.7	8304296	8304440	145	7	0.955074729234147	0.659573729417974	0.295500999816174	36.8411460177181
NC_007128.7	42878988	42879040	53	8	0.461362390904803	0.679298847346601	-0.217936456441798	-36.5617333029283
NC_007125.7	7306264	7306336	73	7	0.114300267482673	0.254223268420479	-0.139923000937806	-36.5106598477774
NC_007117.7	50453068	50453170	103	9	0.0881946567933686	0.246234935147413	-0.158040278354044	-36.2459381812968
NC_007120.7	6660716	6660790	75	8	0.103026355187813	0.254407582585844	-0.151381227398031	-36.2079294091677
NC_007120.7	2607295	2607360	66	6	0.21786254465553	0.766031027267147	-0.548168482611617	-36.1412567382029
NC_007131.7	17740209	17740270	62	8	0.104210189437294	0.277187108240116	-0.172976918802822	-36.1255332741484
NC_007125.7	24278354	24278438	85	7	0.108638456832575	0.314803146889249	-0.206164690056674	-35.888224016707
NC_007115.7	12617242	12617317	76	8	0.12119352842609	0.320320108470337	-0.199126580044247	-35.6680307577022
NC_007116.7	56924419	56924495	77	8	0.084525443089939	0.240662012930311	-0.156136569840372	-35.5879132589497
NC_007115.7	332546	332632	87	6	0.679269504862545	0.506188192603974	0.173081312258571	35.5421731295575
NC_007122.7	31278748	31278813	66	9	0.170693166994558	0.482274667069047	-0.311581500074489	-35.0976495474395
NC_007115.7	18201373	18201434	62	6	0.0815415342345365	0.31200637011327	-0.230464835878734	-34.9333476256639
NC_007136.7	388232	388299	68	8	0.0892783727893333	0.171584938070844	-0.0823065652815108	-34.6506910744866
NC_007122.7	27738288	27738342	55	7	0.0817245001572441	0.241101959348284	-0.15937745919104	-34.5720739487305
NC_007121.7	36889788	36889886	99	7	0.322341907260075	0.814600505758958	-0.492258598498883	-33.2848404446479
NC_007119.7	26123297	26123354	58	7	0.113518312243645	0.264503246493727	-0.150984934250082	-33.0298836747203
NC_007118.7	33880372	33880433	62	9	0.106537985423442	0.319686660806191	-0.213148675382749	-32.9098931248228
NC_007116.7	24201142	24201217	76	8	0.121169958345714	0.341880275977555	-0.22071031763184	-32.8146035022181
NC_007128.7	43663847	43663931	85	7	0.104451248117973	0.270730727631933	-0.16627947951396	-32.5978630670537
NC_007125.7	2399450	2399502	53	8	0.0938125549658	0.218765045047848	-0.124952490082048	-32.5785829652011
NC_007121.7	7182217	7182290	74	8	0.109607401730723	0.356376183197267	-0.246768781466544	-32.5639859121128
NC_007135.7	4449301	4449357	57	6	0.106381332585263	0.282708058927237	-0.176326726341973	-32.3092791648657
NC_007119.7	7500	7865	366	6	0.123030764026635	0.413741254234426	-0.290710490207791	-32.2862387661119
NC_007128.7	6382495	6382547	53	7	0.0822936392682912	0.423708524125114	-0.341414884856823	-31.9690364649301
NC_007128.7	25414565	25414675	111	7	0.0927886958343438	0.29584801687124	-0.203059321036896	-31.8172548743512
NC_007134.7	27244859	27244932	74	7	0.081541443076976	0.246290231627469	-0.164748788550493	-31.6773658268716
NC_007119.7	4577969	4578023	55	6	0.0998999093706645	0.347277126426948	-0.247377217056284	-31.2552767478644
NC_007129.7	8993420	8993536	117	8	0.933555495901899	0.736243241949073	0.197312253952826	30.9739950253779
NC_007127.7	17743720	17743888	169	6	0.544165768004946	0.891726571110996	-0.34756080310605	-30.93436832695
NC_007134.7	19051440	19051629	190	6	0.0839450581400479	0.263652503846398	-0.17970744570635	-30.6112983105245
NC_007120.7	51432691	51432762	72	6	0.0987138009714806	0.23820255016221	-0.13948874919073	-30.2378168668298
NC_007115.7	12113067	12113146	80	7	0.0899415997988779	0.22177290612396	-0.131831306325082	-29.9002953248823
NC_007132.7	24931332	24931635	304	6	0.443085512443216	0.853819638466478	-0.410734126023262	-29.2202384850195
NC_007126.7	29081916	29081972	57	6	0.168250319057081	0.369339914927954	-0.201089595870873	-28.8428041061137
NC_007127.7	2506453	2506511	59	6	0.113454099957917	0.221282227971902	-0.107828128013985	-28.6964684757235
NC_007119.7	40081506	40081559	54	6	0.120105691429668	0.376043055809294	-0.255937364379625	-28.4930917902579
NC_007131.7	23438812	23438865	54	6	0.110011203332067	0.316871912828849	-0.206860709496782	-28.3619262625669
NC_007128.7	41464628	41464751	124	6	0.0889272096549219	0.217320862792193	-0.128393653137271	-26.9084615642626
NC_007116.7	71765537	71765615	79	6	0.0922980859989608	0.241258423099368	-0.148960337100408	-26.2616154187742
NC_007124.7	17144588	17144640	53	7	0.905867791070909	0.554922696641414	0.350945094429495	26.0063423185056
NC_007114.7	53000771	53000857	87	6	0.0909500912978385	0.239543352612018	-0.14859326131418	-25.8505661429557
NC_007116.7	37504844	37504921	78	6	0.117156609121852	0.346934168041446	-0.229777558919595	-24.9671708796
