chr	start	end	length	nCG	meanMethy1	meanMethy2	diff.Methy	areaStat
NC_007130.7	222603	223014	412	83	0.0975389824660634	0.359524673419742	-0.261985690953679	-586.601004147595
NC_007124.7	8692	9233	542	82	0.0960934420697091	0.381037184717679	-0.28494374264797	-527.918450939349
NC_007134.7	45579938	45580256	319	62	0.102300964504551	0.353606695277889	-0.251305730773338	-411.983105377289
NC_007130.7	1459854	1460141	288	30	0.198967604060916	0.779046589796182	-0.580078985735266	-367.121635373646
NC_007112.7	55838487	55838737	251	51	0.110026969630051	0.39003563249949	-0.280008662869438	-346.415302267656
NC_007132.7	94145	94307	163	39	0.0945929235606075	0.552987299924996	-0.458394376364388	-274.660173895143
NC_007132.7	11415341	11415755	415	46	0.09187169475029	0.365350236087046	-0.273478541336756	-261.744932947195
NC_007114.7	62139868	62140061	194	35	0.0865315211917625	0.360119353303	-0.273587832111238	-259.813616418081
NC_007123.7	26022620	26022831	212	41	0.0961018495830503	0.398841148986044	-0.302739299402994	-246.460587884981
NC_007130.7	348954	349329	376	44	0.114854363692704	0.420171721109749	-0.305317357417045	-233.594617210815
NC_007134.7	18414561	18414829	269	35	0.083735776531611	0.364921913843281	-0.28118613731167	-222.011140352545
NC_007114.7	18006418	18006781	364	24	0.493992066394271	0.928102347008192	-0.434110280613921	-204.35995721228
NC_007125.7	7892056	7892284	229	37	0.119535407251227	0.449614398390298	-0.330078991139071	-202.702428341936
NC_007131.7	47422007	47422332	326	36	0.0784827306441964	0.360204581608115	-0.281721850963918	-202.573133820281
NC_007118.7	40884132	40884437	306	37	0.104249756567407	0.35431193288634	-0.250062176318933	-202.392341946261
NC_007113.7	101153	101449	297	29	0.205991257329221	0.551554499150155	-0.345563241820934	-200.289017134559
NC_007131.7	46533927	46534147	221	37	0.105709957759324	0.369742236460838	-0.264032278701514	-197.813267431864
NC_007125.7	49917625	49917823	199	33	0.0999341977645943	0.457196777212645	-0.35726257944805	-194.185977987088
NC_007120.7	55981790	55981944	155	32	0.078921200319084	0.353287683526443	-0.274366483207358	-192.830058373069
NC_007133.7	3298979	3299211	233	35	0.11551650060365	0.395354718572784	-0.279838217969134	-189.719495052158
NC_007133.7	10166353	10166601	249	38	0.130705538229184	0.42328697915719	-0.292581440928006	-187.728669714107
NC_007128.7	34631517	34631622	106	15	0.443055399948792	0.955615264324589	-0.512559864375797	-187.066226021698
NC_007113.7	30534	30954	421	30	0.325495251482279	0.707128921608825	-0.381633670126546	-184.026456327991
NC_007127.7	50006871	50007238	368	35	0.103455193683589	0.423695725420851	-0.320240531737261	-177.959297107053
NC_007136.7	142502	142664	163	38	0.12274565570924	0.378630661002933	-0.255885005293694	-177.880755995874
NC_007113.7	44181941	44182110	170	32	0.0883784401992975	0.341588403101642	-0.253209962902345	-176.622745741455
NC_007128.7	25544372	25544494	123	30	0.322574957953019	0.627766630506254	-0.305191672553235	-176.510526139593
NC_007123.7	48841766	48841871	106	34	0.0978598370872584	0.362136795054997	-0.264276957967738	-168.20553064539
NC_007112.7	46195035	46195116	82	24	0.0717255197760608	0.418702377966514	-0.346976858190454	-166.768566177514
NC_007129.7	5571771	5571877	107	14	0.0845742978919346	0.68038890708103	-0.595814609189095	-162.049663437469
NC_007112.7	40519051	40519235	185	31	0.109998967718662	0.424586152803882	-0.31458718508522	-159.382053233087
NC_007120.7	14152432	14152731	300	28	0.0822549834799756	0.437051685929918	-0.354796702449943	-158.873381772294
NC_007135.7	28710867	28711036	170	29	0.100617445012056	0.480372666926459	-0.379755221914404	-156.538958704968
NC_007116.7	27867064	27867207	144	27	0.105557365692562	0.518540802937528	-0.412983437244966	-155.125723520295
NC_007114.7	37476526	37476646	121	27	0.0949557834353348	0.449760075146667	-0.354804291711332	-149.814222746754
NC_007131.7	54572933	54573257	325	27	0.0795958567603221	0.356866957618329	-0.277271100858007	-143.643790110867
NC_007117.7	27514733	27515001	269	29	0.1069189419944	0.400938883513796	-0.294019941519396	-143.448540214235
NC_007129.7	6476751	6477040	290	28	0.0949734796030375	0.402585246365115	-0.307611766762077	-142.70528051221
NC_007119.7	25714900	25715121	222	29	0.115706210629307	0.404910470601878	-0.289204259972571	-142.678424651367
NC_007128.7	25590164	25590356	193	30	0.100174106094026	0.377395387277374	-0.277221281183348	-142.295672361009
NC_007122.7	769617	769743	127	26	0.0884097018673287	0.392282601269348	-0.303872899402019	-141.486790173687
NC_007117.7	24813347	24813530	184	32	0.124094370197502	0.395211709111139	-0.271117338913636	-141.079789712148
NC_007135.7	41988720	41989102	383	26	0.0906920690190163	0.483663770097987	-0.39297170107897	-138.109793441449
NC_007118.7	18727798	18727985	188	27	0.100148021637052	0.410240819643568	-0.310092798006516	-136.647162423317
NC_007123.7	41993002	41993138	137	24	0.0844762414012864	0.527815223971293	-0.443338982570006	-131.169762196842
NC_007122.7	12517034	12517097	64	10	0.835985778032431	0.0910848233744568	0.744900954657974	127.434453358612
NC_007124.7	912030	912212	183	29	0.12574273814347	0.407018953910023	-0.281276215766554	-126.311365185299
NC_007116.7	23350345	23350417	73	22	0.0815634794261722	0.349512172327703	-0.267948692901531	-125.777715210715
NC_007114.7	30728786	30729077	292	17	0.856018770846054	0.361001866941822	0.495016903904232	125.747117222465
NC_007119.7	31008348	31008574	227	28	0.103989053714062	0.368549787752622	-0.264560734038561	-125.106736634533
NC_007114.7	62140129	62140212	84	16	0.0844918535461974	0.350720919909238	-0.26622906636304	-122.307246355767
NC_007121.7	37268628	37268923	296	25	0.0892258091746317	0.394861544655032	-0.305635735480401	-121.689641268019
NC_007136.7	36455502	36455677	176	21	0.403282434642777	0.716399781692779	-0.313117347050002	-121.652036615154
NC_007118.7	34927802	34927955	154	26	0.0761343786510435	0.327808000117955	-0.251673621466912	-120.084627851923
NC_007132.7	39566827	39566997	171	25	0.10692983442893	0.431104572559781	-0.324174738130851	-116.91438503547
NC_007116.7	55626528	55626696	169	22	0.0998722068860976	0.417048025333572	-0.317175818447474	-116.485941046644
NC_007129.7	1235372	1235508	137	14	0.888202660449284	0.482322665015198	0.405879995434085	111.813368853102
NC_007129.7	48951182	48951420	239	25	0.0972859020680558	0.38469810652606	-0.287412204458004	-110.626877059734
NC_007121.7	135151	135350	200	22	0.598896594249757	0.312617292002958	0.286279302246799	110.444601050814
NC_007127.7	44542419	44542594	176	25	0.138493254636257	0.426784852397191	-0.288291597760934	-108.97292831963
NC_007131.7	38032400	38032501	102	22	0.101568783985899	0.515463675442939	-0.413894891457039	-108.353198034887
NC_007132.7	45839718	45839937	220	19	0.584434769025844	0.887401540873834	-0.30296677184799	-106.207625326962
NC_007135.7	14937178	14937247	70	21	0.105372021668555	0.378603445097245	-0.27323142342869	-105.290360052653
NC_007136.7	16439579	16439761	183	22	0.0976468342912732	0.384698106524066	-0.287051272232792	-104.688226631399
NC_007115.7	25074940	25075170	231	26	0.124142494060167	0.391730033932023	-0.267587539871857	-104.130838845789
NC_007115.7	837748	837819	72	22	0.0978872166090092	0.384698106523069	-0.286810889914059	-103.604162349771
NC_007121.7	45031400	45031512	113	21	0.0934923738734672	0.508650063965064	-0.415157690091596	-103.456371954174
NC_007131.7	34733381	34733651	271	18	0.187841481783176	0.506458274837629	-0.318616793054453	-103.261988435785
NC_007122.7	25328616	25328724	109	22	0.0956071681271872	0.451685127100776	-0.356077958973589	-102.242692810349
NC_007130.7	977978	978131	154	23	0.116686423904676	0.459115587173824	-0.342429163269148	-100.780438705316
NC_007115.7	15441507	15441631	125	23	0.102394373382979	0.404431370726966	-0.302036997343987	-99.8741208075293
NC_007114.7	48473390	48473512	123	21	0.0739632464102215	0.380618699038775	-0.306655452628553	-99.2623627069956
NC_007118.7	8877019	8877124	106	23	0.108153392615598	0.409626254834088	-0.30147286221849	-97.3067715524802
NC_007123.7	48707899	48708167	269	19	0.151554256771816	0.526075672722555	-0.374521415950738	-97.2493882429425
NC_007130.7	2316446	2316629	184	20	0.104740339563016	0.376164714494202	-0.271424374931187	-96.0596715132381
NC_007124.7	1155589	1155720	132	21	0.112859559221837	0.419287187925411	-0.306427628703574	-95.9794326797663
NC_007122.7	37589440	37589514	75	22	0.136159203103543	0.405793083433049	-0.269633880329506	-95.6163569886526
NC_007112.7	38309809	38310173	365	13	0.183041755150948	0.704142817490907	-0.521101062339959	-95.2569018146614
NC_007121.7	1397248	1397298	51	19	0.102365490923079	0.38740257862835	-0.285037087705271	-95.1306432969746
NC_007116.7	38610945	38611042	98	21	0.0816268515353219	0.393442072909362	-0.31181522137404	-94.799371758637
NC_007117.7	40795924	40796151	228	20	0.109324389766441	0.385200568171884	-0.275876178405443	-94.4101759756051
NC_007116.7	19868063	19868168	106	20	0.0892410606374481	0.369688594427455	-0.280447533790007	-93.831336662507
NC_007114.7	30155950	30156067	118	21	0.086331126957855	0.359118507530003	-0.272787380572148	-91.9128072469233
NC_007120.7	28103043	28103203	161	21	0.111734698581643	0.384302782367628	-0.272568083785986	-89.5674731932426
NC_007127.7	48616320	48616521	202	22	0.097797286570691	0.361667685642253	-0.263870399071562	-88.8279853133308
NC_007124.7	3155482	3155588	107	19	0.106054454103056	0.467728616674678	-0.361674162571622	-88.0565874900223
NC_007131.7	51465342	51465408	67	17	0.0820237381795352	0.375128091436458	-0.293104353256923	-87.6542561108965
NC_007130.7	21422091	21422374	284	14	0.186457372069845	0.674143335617906	-0.487685963548061	-87.4672611129294
NC_007123.7	9483309	9483547	239	16	0.186944808019649	0.505606185987499	-0.31866137796785	-87.3561455995107
NC_007117.7	46388610	46388761	152	19	0.0932658224924978	0.493517041790077	-0.40025121929758	-86.7938173501597
NC_007119.7	18995517	18995714	198	10	0.77300066661506	0.144413139091988	0.628587527523072	85.3756201048881
NC_007117.7	14950988	14951115	128	18	0.102733571130372	0.367307660284204	-0.264574089153832	-85.3193140852033
NC_007128.7	38243217	38243385	169	20	0.0843056724397065	0.379217096620918	-0.294911424181212	-85.3182966914703
NC_007113.7	58660830	58660908	79	19	0.0932148884643369	0.422515842946201	-0.329300954481864	-85.0437129991582
NC_007134.7	493143	493218	76	20	0.114472623542332	0.443728595711084	-0.329255972168752	-84.1009353618711
NC_007118.7	50821635	50821747	113	18	0.0825017441176664	0.443578213679607	-0.361076469561941	-83.5392090864061
NC_007114.7	60716880	60716989	110	19	0.10722111435129	0.486090392560654	-0.378869278209363	-82.742007684924
NC_007116.7	47601750	47601941	192	16	0.0808416029936552	0.517394554875827	-0.436552951882172	-82.2576118932715
NC_007112.7	51606376	51606506	131	19	0.111403298499951	0.493517041790077	-0.382113743290127	-81.4141355344057
NC_007119.7	9119682	9119746	65	17	0.118253575109171	0.430900474174555	-0.312646899065384	-80.9494880510846
NC_007113.7	43605666	43605753	88	16	0.116688360302553	0.38133547641351	-0.264647116110956	-80.6729150248923
NC_007118.7	37477257	37477328	72	17	0.117793188444687	0.424209155003497	-0.30641596655881	-80.6249859826506
NC_007126.7	38859240	38859375	136	18	0.109577376278352	0.362369118945549	-0.252791742667197	-80.3318276321146
NC_007129.7	46477385	46477545	161	19	0.101479823329919	0.435461215318297	-0.333981391988378	-80.1935664125091
NC_007136.7	37083970	37084096	127	18	0.0960870865284341	0.485085025152755	-0.388997938624321	-78.6525965717724
NC_007126.7	23780276	23780424	149	18	0.0984240316812071	0.485085025152484	-0.386660993471277	-78.4753087875512
NC_007130.7	17109296	17109353	58	15	0.109470670292558	0.508742852452685	-0.399272182160127	-75.6835984735406
NC_007121.7	20377728	20377854	127	12	0.908138318339653	0.568436652000737	0.339701666338916	74.6929538267803
NC_007125.7	103881	103951	71	13	0.0843448902652754	0.414868144050203	-0.330523253784928	-74.4385378557172
NC_007124.7	33117549	33117689	141	19	0.101812177558923	0.362832153037641	-0.261019975478718	-74.4348811740579
NC_007123.7	20165432	20165528	97	12	0.876059766018831	0.362097317704854	0.513962448313977	74.2961097857613
NC_007119.7	25074026	25074150	125	17	0.0941660056840139	0.475986424321479	-0.381820418637465	-72.5429058331543
NC_007131.7	41549350	41549457	108	16	0.0702265330975466	0.457543081729129	-0.387316548631582	-71.4871883336634
NC_007126.7	8399384	8399515	132	17	0.590522804459655	0.878607739915267	-0.288084935455611	-71.2424355987611
NC_007120.7	7538833	7539078	246	13	0.709718486845539	0.220161008361708	0.489557478483831	71.191949625118
NC_007122.7	32790741	32790895	155	17	0.0805087327164117	0.407041630056874	-0.326532897340462	-70.8071101740967
NC_007120.7	7570720	7570872	153	11	0.415957117139202	0.919740509044057	-0.503783391904855	-70.6186415919811
NC_007132.7	31726891	31726975	85	14	0.615622956024991	0.884056913702337	-0.268433957677346	-69.548353479943
NC_007112.7	59236634	59236766	133	16	0.0800647687481556	0.466140545986219	-0.386075777238064	-69.4928168250179
NC_007117.7	40952541	40952647	107	13	0.107030528747838	0.376041492929283	-0.269010964181446	-68.5257541714686
NC_007113.7	35101821	35101922	102	15	0.11482811207936	0.401693516110729	-0.28686540403137	-67.9099266119224
NC_007117.7	19926102	19926171	70	15	0.130894697285163	0.464457942218179	-0.333563244933017	-67.8572883667594
NC_007135.7	17005600	17005663	64	15	0.095229483845804	0.347772324468033	-0.252542840622229	-67.8393956201346
NC_007134.7	10146482	10146573	92	14	0.0764817704200361	0.400778962105263	-0.324297191685227	-67.7287242691586
NC_007124.7	482943	483061	119	16	0.0849635732404304	0.36007937145763	-0.275115798217199	-67.4459768593311
NC_007132.7	28844183	28844441	259	10	0.668298588314616	0.132287261153878	0.536011327160739	66.5594929238675
NC_007117.7	121162	121267	106	12	0.922578226955672	0.661350633884769	0.261227593070903	66.1345515434818
NC_007133.7	2684669	2684760	92	14	0.189071839999995	0.579714097979037	-0.390642257979042	-65.5199575869082
NC_007128.7	3391159	3391252	94	15	0.110392874198599	0.406987846301171	-0.296594972102572	-64.8822955709228
NC_007122.7	497650	497707	58	12	0.102341544567368	0.415983170206733	-0.313641625639365	-63.5655071076951
NC_007134.7	42424191	42424318	128	8	0.946277111227496	0.323270811649561	0.623006299577935	63.5385069705834
NC_007112.7	12764123	12764198	76	13	0.0946852824902527	0.408010607070548	-0.313325324580295	-62.6336822287264
NC_007126.7	17392200	17392290	91	11	0.208033685574161	0.619748736089363	-0.411715050515203	-62.0415121695502
NC_007115.7	12955938	12956070	133	10	0.933913351810397	0.511133768727227	0.422779583083169	61.5086349225755
NC_007117.7	4540392	4540516	125	12	0.0915786339650516	0.361192440572941	-0.26961380660789	-61.434155070129
NC_007128.7	24878640	24878783	144	14	0.0923804508965163	0.361894477071454	-0.269514026174938	-61.2685908482874
NC_007125.7	38849685	38849802	118	15	0.104701911399333	0.401519870767991	-0.296817959368658	-61.039768753671
NC_007123.7	16762327	16762403	77	8	0.175202436576515	0.539368495340811	-0.364166058764296	-60.6733250419184
NC_007114.7	5207959	5208131	173	9	0.358933423163349	0.868326961766443	-0.509393538603094	-60.2149474002281
NC_007121.7	36825713	36825784	72	13	0.106725131773377	0.485085025152755	-0.378359893379379	-58.9667826077195
NC_007129.7	1235141	1235297	157	8	0.875385745065455	0.483099234133724	0.392286510931731	58.4221738131463
NC_007112.7	53374409	53374526	118	9	0.430475813591782	0.920625812752605	-0.490149999160823	-58.3589638072817
NC_007113.7	43605817	43605874	58	11	0.109407161868822	0.449779728648025	-0.340372566779203	-57.253814267814
NC_007123.7	28737110	28737334	225	10	0.306898572362988	0.789335243739869	-0.482436671376881	-57.1405801121984
NC_007131.7	12829441	12829515	75	11	0.395741064814167	0.779559850701906	-0.383818785887739	-57.0168235058919
NC_007121.7	37025604	37025714	111	9	0.104670125462111	0.592688274288464	-0.488018148826353	-56.6872581960988
NC_007115.7	17724655	17724705	51	13	0.114497283034267	0.445969073001674	-0.331471789967408	-56.1514133886317
NC_007127.7	13388880	13388961	82	13	0.107159891203008	0.400737608222906	-0.293577717019898	-56.1262022967712
NC_007130.7	44039991	44040161	171	8	0.794186046572122	0.152990602032236	0.641195444539885	55.7495170978498
NC_007127.7	31469464	31470435	972	9	0.408732275425717	0.82555596164361	-0.416823686217893	-55.0016730721175
NC_007121.7	27223698	27223794	97	13	0.0828221136576365	0.357130272702983	-0.274308159045347	-54.6725483179069
NC_007131.7	23438917	23439016	100	12	0.106117568285147	0.390490542329709	-0.284372974044562	-53.7797454960028
NC_007128.7	37649029	37649159	131	9	0.82074925705446	0.350379766031628	0.470369491022832	53.3727974429095
NC_007130.7	42847399	42847458	60	12	0.118254226609426	0.443813611489434	-0.325559384880009	-53.2291375187766
NC_007135.7	16454601	16454730	130	7	0.798592459673464	0.141687195084392	0.656905264589072	52.905405579969
NC_007124.7	15077000	15077118	119	7	0.911474428113546	0.207046010124538	0.704428417989008	52.7083186449918
NC_007121.7	507572	507641	70	11	0.924060601704912	0.649407328150116	0.274653273554796	52.1623838737046
NC_007127.7	54795919	54796037	119	10	0.802895773675589	0.275654816522145	0.527240957153444	52.105413001715
NC_007124.7	37288935	37288986	52	9	0.798067706281797	0.398449166883682	0.399618539398115	51.712536186561
NC_007133.7	372272	372353	82	12	0.478583082969279	0.175988615885636	0.302594467083643	51.4378861784378
NC_007129.7	38759868	38759958	91	7	0.167533570977351	0.883437194809959	-0.715903623832608	-50.515649585105
NC_007113.7	54018263	54018328	66	12	0.898235578079033	0.647104526699359	0.251131051379674	47.9226391765546
NC_007135.7	37781399	37781472	74	11	0.215180057664722	0.495732371779202	-0.28055231411448	-47.6015922505072
NC_007129.7	46932656	46932791	136	8	0.880687348275565	0.484567524428915	0.396119823846651	46.4082857008557
NC_007119.7	54282406	54283956	1551	8	0.434017835202833	0.875860094567564	-0.44184225936473	-46.3522354515185
NC_007121.7	22822682	22822742	61	7	0.146126754592732	0.774201643860054	-0.628074889267322	-45.7870100065763
NC_007113.7	50414597	50414668	72	9	0.0830070367467667	0.395281217539928	-0.312274180793161	-45.4190695514169
NC_007124.7	13243138	13243223	86	6	0.148688731126919	0.881684619814182	-0.732995888687263	-45.0970628062871
NC_007117.7	7221732	7221823	92	8	0.420049734432336	0.920266670963653	-0.500216936531317	-44.8540100314842
NC_007113.7	50414354	50414428	75	9	0.0919189444556959	0.394918321680448	-0.302999377224753	-44.7926116166257
NC_007134.7	3410867	3410937	71	11	0.072937277237286	0.443813611485692	-0.370876334248406	-44.1822946760825
NC_007114.7	62525123	62525204	82	7	0.616063178064014	0.911865687188577	-0.295802509124564	-44.0856996612339
NC_007127.7	32446442	32446642	201	7	0.450926577723797	0.890522300727382	-0.439595723003585	-43.6167001483769
NC_007121.7	20377922	20378088	167	6	0.843980691993195	0.51157913700096	0.332401554992235	40.0837527997009
NC_007122.7	497764	497840	77	9	0.107746546954983	0.412036283122984	-0.304289736168001	-39.7556878641812
NC_007122.7	11447267	11447335	69	6	0.446091950008583	0.832332865932252	-0.386240915923669	-39.0803360275944
NC_007118.7	58989483	58989626	144	6	0.619794984033936	0.31915874568052	0.300636238353416	38.3851253740051
NC_007120.7	34001204	34001355	152	10	0.92219784997715	0.568286672581537	0.353911177395613	38.2251128590274
NC_007119.7	10791	10865	75	7	0.101184537328434	0.351202258598598	-0.250017721270164	-37.4976305389136
NC_007135.7	8304296	8304440	145	7	0.955074729234147	0.659573729417974	0.295500999816174	36.8411460177181
NC_007120.7	2607295	2607360	66	6	0.21786254465553	0.766031027267147	-0.548168482611617	-36.1412567382029
NC_007122.7	31278748	31278813	66	9	0.170693166994558	0.482274667069047	-0.311581500074489	-35.0976495474395
NC_007121.7	36889788	36889886	99	7	0.322341907260075	0.814600505758958	-0.492258598498883	-33.2848404446479
NC_007119.7	7500	7865	366	6	0.123030764026635	0.413741254234426	-0.290710490207791	-32.2862387661119
NC_007128.7	6382495	6382547	53	7	0.0822936392682912	0.423708524125114	-0.341414884856823	-31.9690364649301
NC_007127.7	17743720	17743888	169	6	0.544165768004946	0.891726571110996	-0.34756080310605	-30.93436832695
NC_007132.7	24931332	24931635	304	6	0.443085512443216	0.853819638466478	-0.410734126023262	-29.2202384850195
NC_007119.7	40081506	40081559	54	6	0.120105691429668	0.376043055809294	-0.255937364379625	-28.4930917902579
NC_007124.7	17144588	17144640	53	7	0.905867791070909	0.554922696641414	0.350945094429495	26.0063423185056
